.rotateのデータが画像っぽい
12132文字 で構成→画像に帰ると337 * 674 * 3 の画像にできそう
12132だったら 6066
1
2
3
6
9
18
337
674

違う

最初の16文字抜いたら11856になる
76 * 26 か 53 * 38 か 19 * 104
1
2
4
8
13
19
26
38
52
76
104
152
247
494
988

grayscaleだったら？
全部使って11872 = 5936 * 2なので
56 * 106, 53 * 112,28 * 212

1
2
4
7
8
14
16
28
53
56
106
112
212
371
424
742
848

やっぱ最初は抜いた方が良さそう
11856 = 5928 * 2
1
2
3
4
6
8
12
13
19
24
26
38
39
52
57
76
78
104
114
152
156
228
247
312
456
494
741
988

後ろの二個も抜いたら？
11854 = 5927 * 2
素数です

後ろの２つだけ抜いたら
11870 = 5935 * 2
